========================= MT-DREAM_ZS output file =========================

TABLE 1: MT-DREAM_ZS POSTERIOR PARAMETER STATISTICS
|-----------------------------------------------------|
| Parameter      ML        MAP      MEAN      STD     |
|-----------------------------------------------------|
|   x_{1}      +0.231    +0.231    +0.396    +0.250   |
|   x_{2}      -0.232    -0.232    -0.236    +0.015   |
|   x_{3}     +41.434   +41.434   +37.422    +9.250   |
|   x_{4}      +0.953    +0.953    +0.935    +0.018   |
|   x_{5}      +0.033    +0.033    +0.021    +0.017   |
|   x_{6}      +0.494    +0.494    +0.547    +0.198   |
|   x_{7}      +0.337    +0.337    +0.345    +0.036   |
|   x_{8}    +201.226  +201.226  +362.160  +205.389   |
|   x_{9}      +0.161    +0.161    +0.149    +0.038   |
|   x_{10}   +203.463  +203.463  +623.808  +227.043   |
|   x_{11}     +0.622    +0.622    +0.621    +0.021   |
|   x_{12}     +0.039    +0.039    +0.037    +0.003   |
|   x_{13}    +31.576   +31.576   +31.858    +2.636   |
|   x_{14}     +0.238    +0.238    +0.210    +0.046   |
|   x_{15}     +1.024    +1.024    +1.046    +0.040   |
|   x_{16}     +0.812    +0.812    +0.811    +0.019   |
|-----------------------------------------------------|
ML: Maximum Likelihood values
MAP: Maximum A-Posteriori density values
MEAN: Posterior mean values
STD: Posterior standard deviation

TABLE 2: MT-DREAM_ZS POSTERIOR CORRELATION COEFFICIENTS
|-----------------------------------------------------------------------------------------------------------------------------------------------------------|
|             x_{1}    x_{2}    x_{3}    x_{4}    x_{5}    x_{6}    x_{7}    x_{8}    x_{9}   x_{10}   x_{11}   x_{12}   x_{13}   x_{14}   x_{15}   x_{16}  |
|   x_{1}     1.00     0.01    -0.02     0.06     0.06     0.25     0.15    -0.06     0.04     0.00     0.01    -0.11     0.09    -0.11     0.09     0.09   |
|   x_{2}     0.01     1.00     0.01    -0.20     0.18    -0.16     0.05    -0.06    -0.03    -0.09     0.06     0.15     0.22    -0.44     0.08     0.02   |
|   x_{3}    -0.02     0.01     1.00     0.50    -0.12     0.01    -0.16    -0.08     0.05    -0.11     0.09    -0.14    -0.10    -0.15    -0.05     0.17   |
|   x_{4}     0.06    -0.20     0.50     1.00     0.14     0.06    -0.25    -0.01     0.03    -0.12    -0.27    -0.36     0.04     0.40    -0.13     0.04   |
|   x_{5}     0.06     0.18    -0.12     0.14     1.00    -0.03     0.02     0.03     0.06     0.03    -0.03     0.13    -0.05    -0.25     0.06    -0.00   |
|   x_{6}     0.25    -0.16     0.01     0.06    -0.03     1.00     0.24     0.02    -0.06     0.18     0.05    -0.15    -0.26     0.04    -0.03     0.15   |
|   x_{7}     0.15     0.05    -0.16    -0.25     0.02     0.24     1.00    -0.03     0.01     0.23     0.46     0.39     0.46    -0.16     0.18     0.03   |
|   x_{8}    -0.06    -0.06    -0.08    -0.01     0.03     0.02    -0.03     1.00     0.10     0.51    -0.04    -0.04     0.01    -0.03     0.03     0.15   |
|   x_{9}     0.04    -0.03     0.05     0.03     0.06    -0.06     0.01     0.10     1.00     0.09     0.06     0.14    -0.01    -0.11    -0.04    -0.02   |
|  x_{10}     0.00    -0.09    -0.11    -0.12     0.03     0.18     0.23     0.51     0.09     1.00     0.05     0.05     0.02    -0.03     0.05     0.09   |
|  x_{11}     0.01     0.06     0.09    -0.27    -0.03     0.05     0.46    -0.04     0.06     0.05     1.00     0.38    -0.07    -0.20     0.05     0.11   |
|  x_{12}    -0.11     0.15    -0.14    -0.36     0.13    -0.15     0.39    -0.04     0.14     0.05     0.38     1.00    -0.21    -0.15     0.12     0.01   |
|  x_{13}     0.09     0.22    -0.10     0.04    -0.05    -0.26     0.46     0.01    -0.01     0.02    -0.07    -0.21     1.00    -0.13     0.22    -0.08   |
|  x_{14}    -0.11    -0.44    -0.15     0.40    -0.25     0.04    -0.16    -0.03    -0.11    -0.03    -0.20    -0.15    -0.13     1.00    -0.11    -0.09   |
|  x_{15}     0.09     0.08    -0.05    -0.13     0.06    -0.03     0.18     0.03    -0.04     0.05     0.05     0.12     0.22    -0.11     1.00     0.01   |
|  x_{16}     0.09     0.02     0.17     0.04    -0.00     0.15     0.03     0.15    -0.02     0.09     0.11     0.01    -0.08    -0.09     0.01     1.00   |
|-----------------------------------------------------------------------------------------------------------------------------------------------------------|

======================= End MT-DREAM_ZS output file =======================
