========================= MT-DREAM_ZS output file =========================

TABLE 1: MT-DREAM_ZS POSTERIOR PARAMETER STATISTICS
|-----------------------------------------------------|
| Parameter      ML        MAP      MEAN      STD     |
|-----------------------------------------------------|
|   x_{1}      +0.230    +0.230    +0.448    +0.284   |
|   x_{2}      +0.247    +0.247    +0.228    +0.022   |
|   x_{3}     +18.149   +18.149   +20.488   +17.267   |
|   x_{4}      +0.856    +0.856    +0.923    +0.102   |
|   x_{5}      +0.011    +0.011    +0.396    +0.298   |
|   x_{6}     +38.545   +38.545  +342.492  +127.433   |
|   x_{7}      +0.980    +0.980    +0.958    +0.050   |
|   x_{8}    +925.662  +925.662 +2055.683 +1580.120   |
|   x_{9}      +0.027    +0.027    +0.106    +0.052   |
|   x_{10}    +12.564   +12.564  +445.130  +292.054   |
|   x_{11}     +0.502    +0.502    +0.509    +0.240   |
|   x_{12}     +0.061    +0.061    +0.089    +0.029   |
|   x_{13}   +154.613  +154.613  +139.927   +30.631   |
|   x_{14}     -0.150    -0.150    -0.186    +0.065   |
|   x_{15}    +14.696   +14.696   +17.235    +4.839   |
|   x_{16}     +0.501    +0.501    +0.501    +0.001   |
|-----------------------------------------------------|
ML: Maximum Likelihood values
MAP: Maximum A-Posteriori density values
MEAN: Posterior mean values
STD: Posterior standard deviation

TABLE 2: MT-DREAM_ZS POSTERIOR CORRELATION COEFFICIENTS
|-----------------------------------------------------------------------------------------------------------------------------------------------------------|
|             x_{1}    x_{2}    x_{3}    x_{4}    x_{5}    x_{6}    x_{7}    x_{8}    x_{9}   x_{10}   x_{11}   x_{12}   x_{13}   x_{14}   x_{15}   x_{16}  |
|   x_{1}     1.00     0.05     0.00    -0.24     0.05    -0.09     0.04    -0.26    -0.07     0.23    -0.29     0.03    -0.09    -0.06    -0.03     0.08   |
|   x_{2}     0.05     1.00     0.09     0.16     0.06     0.18     0.15     0.08     0.07    -0.03     0.02    -0.11     0.14    -0.06     0.13    -0.13   |
|   x_{3}     0.00     0.09     1.00     0.01    -0.22    -0.02    -0.23    -0.06    -0.04     0.16    -0.12     0.08    -0.14    -0.11    -0.17     0.11   |
|   x_{4}    -0.24     0.16     0.01     1.00     0.27     0.40     0.12     0.38     0.14    -0.15     0.39    -0.08     0.10     0.14     0.02    -0.02   |
|   x_{5}     0.05     0.06    -0.22     0.27     1.00     0.33     0.10    -0.19     0.08    -0.07    -0.03     0.22    -0.30    -0.11    -0.09    -0.13   |
|   x_{6}    -0.09     0.18    -0.02     0.40     0.33     1.00     0.02     0.28     0.27     0.08     0.40     0.11    -0.13     0.09    -0.07    -0.09   |
|   x_{7}     0.04     0.15    -0.23     0.12     0.10     0.02     1.00    -0.00    -0.03    -0.12    -0.06    -0.06     0.39    -0.09     0.26    -0.18   |
|   x_{8}    -0.26     0.08    -0.06     0.38    -0.19     0.28    -0.00     1.00     0.18     0.18     0.64    -0.03     0.14     0.12    -0.11     0.04   |
|   x_{9}    -0.07     0.07    -0.04     0.14     0.08     0.27    -0.03     0.18     1.00     0.16     0.25    -0.01    -0.06     0.03    -0.01     0.07   |
|  x_{10}     0.23    -0.03     0.16    -0.15    -0.07     0.08    -0.12     0.18     0.16     1.00     0.03     0.05    -0.08     0.00    -0.15     0.00   |
|  x_{11}    -0.29     0.02    -0.12     0.39    -0.03     0.40    -0.06     0.64     0.25     0.03     1.00    -0.03     0.08     0.22    -0.04     0.02   |
|  x_{12}     0.03    -0.11     0.08    -0.08     0.22     0.11    -0.06    -0.03    -0.01     0.05    -0.03     1.00    -0.78     0.08    -0.22    -0.00   |
|  x_{13}    -0.09     0.14    -0.14     0.10    -0.30    -0.13     0.39     0.14    -0.06    -0.08     0.08    -0.78     1.00    -0.01     0.31    -0.03   |
|  x_{14}    -0.06    -0.06    -0.11     0.14    -0.11     0.09    -0.09     0.12     0.03     0.00     0.22     0.08    -0.01     1.00    -0.12     0.02   |
|  x_{15}    -0.03     0.13    -0.17     0.02    -0.09    -0.07     0.26    -0.11    -0.01    -0.15    -0.04    -0.22     0.31    -0.12     1.00     0.02   |
|  x_{16}     0.08    -0.13     0.11    -0.02    -0.13    -0.09    -0.18     0.04     0.07     0.00     0.02    -0.00    -0.03     0.02     0.02     1.00   |
|-----------------------------------------------------------------------------------------------------------------------------------------------------------|

======================= End MT-DREAM_ZS output file =======================
